- 1.3b Cobertura poblacional por radio
 radio_km  poblacion_cubierta  poblacion_total  porcentaje_cobertura  condados_completos  condados_sin_cobertura
       10              293704          1787065                 16.43                   0                       8
       25             1007714          1787065                 56.39                   0                       1
       50             1646614          1787065                 92.14                  16                       0

- 1.3c Condados a 25 km: sin cobertura = 1, parcial = 43, completa = 0
 fips     nombre  poblacion  frac_10  frac_25  frac_50  cat
16033      Clark      845.0    0.000    0.000    0.098    0
16037     Custer     4315.0    0.000    0.011    0.244    1
16025      Camas     1106.0    0.000    0.017    0.783    1
16073     Owyhee    11823.0    0.000    0.022    0.199    1
16043    Fremont    13099.0    0.004    0.108    0.516    1
16049      Idaho    16667.0    0.029    0.117    0.340    1
16015      Boise     7831.0    0.000    0.120    0.552    1
16059      Lemhi     8027.0    0.027    0.157    0.498    1
16035 Clearwater     8756.0    0.047    0.181    0.503    1
16063    Lincoln     5366.0    0.001    0.182    0.796    1
16051  Jefferson    29871.0    0.000    0.192    0.640    1
16031     Cassia    24030.0    0.032    0.193    0.664    1
16039     Elmore    27511.0    0.039    0.243    0.716    1
16083 Twin Falls    86878.0    0.046    0.245    0.725    1
16085     Valley    11392.0    0.057    0.256    0.598    1
16079   Shoshone    12882.0    0.046    0.263    0.682    1
16013     Blaine    23021.0    0.046    0.274    0.861    1
16019 Bonneville   119062.0    0.066    0.292    0.789    1
16087 Washington    10194.0    0.057    0.299    0.895    1
16003      Adams     4294.0    0.022    0.319    0.883    1
16023      Butte     2597.0    0.054    0.327    0.874    1
16029    Caribou     7155.0    0.063    0.367    0.965    1
16017     Bonner    45739.0    0.063    0.402    0.983    1
16057      Latah    40108.0    0.078    0.422    1.000    1
16071     Oneida     4531.0    0.101    0.430    0.844    1
16011    Bingham    46811.0    0.062    0.460    0.991    1
16067   Minidoka    21039.0    0.170    0.483    0.799    1
16077      Power     7681.0    0.089    0.488    0.997    1
16005    Bannock    87808.0    0.097    0.520    1.000    1
16075    Payette    23951.0    0.000    0.525    1.000    1
16069  Nez Perce    40408.0    0.089    0.542    1.000    1
16021   Boundary    12245.0    0.095    0.550    0.953    1
16009    Benewah     9298.0    0.149    0.615    1.000    1
16001        Ada   481587.0    0.228    0.622    1.000    1
16061      Lewis     3838.0    0.012    0.669    1.000    1
16053     Jerome    24412.0    0.223    0.699    1.000    1
16047    Gooding    15179.0    0.170    0.727    1.000    1
16055   Kootenai   165697.0    0.150    0.757    1.000    1
16007  Bear Lake     6125.0    0.121    0.761    1.000    1
16045        Gem    18112.0    0.212    0.762    1.000    1
16041   Franklin    13876.0    0.185    0.789    1.000    1
16065    Madison    39907.0    0.245    0.795    1.000    1
16027     Canyon   229849.0    0.368    0.923    1.000    1
16081      Teton    12142.0    0.218    0.936    1.000    1
- 1.3c Condados por clase de cobertura: {'No cubierto (< 0.1 %)': 1, 'Parcial: 0.1-25 %': 13, 'Parcial: 25-50 %': 14, 'Parcial: 50-75 %': 9, 'Parcial: 75-99.9 %': 7, 'Completamente cubierto (>= 99.9 %)': 0}
