- 2.2 Hospitales sin dato de ocupación: 2
- 2.2 Condados sin hospital a <= 50 km: 7 -> Boise, Clark, Fremont, Owyhee, Clearwater, Custer, Idaho

- 2.2a Componentes crudos y normalizados
       dist_km  hab_por_cama  ocup_50km      C1      C2      C3
count   44.000        44.000     44.000  44.000  44.000  44.000
mean    27.759       984.656      0.387   0.351   0.508   0.564
std     18.176       610.566      0.174   0.260   0.356   0.291
min      3.225       112.256      0.050   0.000   0.000   0.000
25%     13.044       445.940      0.257   0.141   0.194   0.346
50%     25.832       771.631      0.380   0.324   0.384   0.552
75%     40.567      1829.560      0.528   0.535   1.000   0.801
max     73.078      1829.560      0.648   1.000   1.000   1.000
- 2.2a Correlación de Spearman entre componentes
      C1    C2    C3
C1  1.00  0.34  0.40
C2  0.34  1.00  0.22
C3  0.40  0.22  1.00

- 2.2b Pesos: {'C1_dist': 0.45, 'C2_camas': 0.35, 'C3_ocup': 0.2}

- 2.2c Índice de vulnerabilidad (ordenado)
 rank  fips     nombre  poblacion  dist_km  hab_por_cama  ocup_50km    C1    C2    C3   IVA  quintil  hospitales
    1 16073     Owyhee    11823.0   73.078      1829.560      0.648 1.000 1.000 1.000 1.000 Muy alta           0
    2 16033      Clark      845.0   69.079      1829.560      0.648 0.943 1.000 1.000 0.974 Muy alta           0
    3 16037     Custer     4315.0   66.109      1829.560      0.648 0.900 1.000 1.000 0.955 Muy alta           0
    4 16015      Boise     7831.0   55.865      1829.560      0.648 0.754 1.000 1.000 0.889 Muy alta           0
    5 16043    Fremont    13099.0   50.755      1829.560      0.648 0.680 1.000 1.000 0.856 Muy alta           0
    6 16051  Jefferson    29871.0   43.348      1829.560      0.473 0.574 1.000 0.708 0.750 Muy alta           0
    7 16063    Lincoln     5366.0   43.473      1829.560      0.335 0.576 1.000 0.477 0.705 Muy alta           0
    8 16025      Camas     1106.0   42.143      1829.560      0.340 0.557 1.000 0.485 0.698 Muy alta           0
    9 16057      Latah    40108.0   23.992      1604.320      0.560 0.297 0.869 0.853 0.609 Muy alta           1
   10 16003      Adams     4294.0   26.897      1829.560      0.280 0.339 1.000 0.385 0.579     Alta           0
   11 16049      Idaho    16667.0   51.891       416.675      0.648 0.697 0.177 1.000 0.576     Alta           2
   12 16075    Payette    23951.0   25.870      1829.560      0.237 0.324 1.000 0.312 0.558     Alta           0
   13 16039     Elmore    27511.0   29.713      1310.048      0.450 0.379 0.697 0.669 0.549     Alta           1
   14 16061      Lewis     3838.0   21.205      1829.560      0.263 0.257 1.000 0.357 0.537     Alta           0
   15 16067   Minidoka    21039.0   26.599      1314.938      0.380 0.335 0.700 0.552 0.506     Alta           1
   16 16035 Clearwater     8756.0   50.030       112.256      0.648 0.670 0.000 1.000 0.502     Alta           2
   17 16013     Blaine    23021.0   40.041       920.840      0.340 0.527 0.471 0.485 0.499     Alta           1
   18 16045        Gem    18112.0   20.320      1393.231      0.306 0.245 0.746 0.428 0.457     Alta           1
   19 16005    Bannock    87808.0   27.843       640.934      0.610 0.352 0.308 0.937 0.454    Media           1
   20 16017     Bonner    45739.0    4.397      1829.560      0.320 0.017 1.000 0.452 0.448    Media           1
   21 16031     Cassia    24030.0   31.465       775.161      0.380 0.404 0.386 0.552 0.427    Media           1
   22 16019 Bonneville   119062.0   31.581       445.925      0.530 0.406 0.194 0.803 0.411    Media           2
   23 16053     Jerome    24412.0   21.547       976.480      0.400 0.262 0.503 0.586 0.411    Media           1
   24 16085     Valley    11392.0   45.784       495.304      0.165 0.609 0.223 0.192 0.391    Media           2
   25 16083 Twin Falls    86878.0   29.827       505.105      0.410 0.381 0.229 0.602 0.372    Media           1
   26 16027     Canyon   229849.0    3.225      1105.043      0.493 0.000 0.578 0.741 0.350    Media           2
   27 16047    Gooding    15179.0    9.961       948.688      0.413 0.096 0.487 0.608 0.335     Baja           1
   28 16001        Ada   481587.0   17.075       403.002      0.528 0.198 0.169 0.800 0.308     Baja           7
   29 16079   Shoshone    12882.0   28.388       613.429      0.180 0.360 0.292 0.218 0.308     Baja           1
   30 16077      Power     7681.0    9.991       768.100      0.385 0.097 0.382 0.561 0.289     Baja           1
   31 16071     Oneida     4531.0   24.016       411.909      0.320 0.298 0.174 0.452 0.285     Baja           1
   32 16069  Nez Perce    40408.0   23.497       367.345      0.352 0.290 0.149 0.506 0.284     Baja           1
   33 16087 Washington    10194.0   27.083       536.526      0.140 0.342 0.247 0.151 0.270     Baja           1
   34 16059      Lemhi     8027.0   25.794       445.944      0.200 0.323 0.194 0.251 0.264     Baja           1
   35 16011    Bingham    46811.0    4.927       357.336      0.648 0.024 0.143 1.000 0.261     Baja           2
   36 16081      Teton    12142.0    8.369       934.000      0.230 0.074 0.479 0.301 0.261 Muy baja           1
   37 16065    Madison    39907.0   10.640       595.627      0.380 0.106 0.281 0.552 0.257 Muy baja           1
   38 16041   Franklin    13876.0   10.361       693.800      0.293 0.102 0.339 0.407 0.246 Muy baja           1
   39 16055   Kootenai   165697.0    7.422       413.209      0.450 0.060 0.175 0.669 0.222 Muy baja           4
   40 16021   Boundary    12245.0   12.672       612.250      0.130 0.135 0.291 0.134 0.190 Muy baja           1
   41 16009    Benewah     9298.0   13.167       489.368      0.190 0.142 0.220 0.234 0.188 Muy baja           1
   42 16029    Caribou     7155.0   13.593       286.200      0.120 0.148 0.101 0.117 0.126 Muy baja           1
   43 16007  Bear Lake     6125.0    4.610       291.667      0.227 0.020 0.104 0.296 0.105 Muy baja           1
   44 16023      Butte     2597.0   13.762       185.500      0.050 0.151 0.043 0.000 0.083 Muy baja           1
- 2.2c Límites de los quintiles: [0.083 0.261 0.338 0.456 0.591 1.   ]
